10
20

0 0 0 0 0 0 0 0 0 0 0 0 0 0 0 0 0 0 0 0
0 10 2 2 2 11 10 2 2 11 0 0 0 0 10 2 2 14 2 11
0 5 1 1 1 3 5 1 1 3 0 0 0 0 5 16 15 15 15 3
0 5 1 1 1 9 8 1 1 3 0 0 0 0 5 16 15 15 15 3
0 5 1 1 1 1 1 1 1 3 0 0 0 0 5 16 15 15 15 3
0 5 1 1 1 1 1 1 1 3 0 0 0 0 5 16 15 15 15 3
0 5 1 1 1 6 7 1 1 3 0 0 0 0 5 16 15 18 19 3
0 5 1 1 1 3 5 1 1 3 0 0 0 0 5 16 15 20 21 3
0 13 7 1 6 12 13 4 4 12 0 0 0 0 5 17 15 22 23 3
0 0 0 0 0 0 0 0 0 0 0 0 0 0 13 4 4 4 4 12

0 0 0 0 0 0 0 0 0 0 0 0 0 0 0 0 0 0 0 0
0 0 0 0 0 0 0 0 0 0 0 0 0 0 0 0 0 1 0 0
0 0 1 1 1 0 0 1 1 0 0 0 0 0 0 1 1 1 1 0
0 0 1 1 1 0 0 1 1 0 0 0 0 0 0 1 1 1 1 0
0 0 1 1 1 1 1 1 1 0 0 0 0 0 0 1 1 1 1 0
0 0 1 1 1 1 1 1 1 0 0 0 0 0 0 1 1 1 1 0
0 0 1 1 1 0 0 1 1 0 0 0 0 0 0 1 1 0 0 0
0 0 1 1 1 0 0 1 1 0 0 0 0 0 0 1 1 0 0 0
0 0 0 1 0 0 0 0 0 0 0 0 0 0 0 0 1 0 0 0
0 0 0 1 0 0 0 0 0 0 0 0 0 0 0 0 0 0 0 0

5 8 3

0 0 0 0 0 0 0 0 0 0 0 0 0 0 0 0 0 0 0 0
0 0 0 0 0 0 0 0 0 0 0 0 0 0 0 0 0 0 0 0
0 0 0 0 0 0 0 0 0 0 0 0 0 0 0 0 0 0 0 0
0 0 0 0 0 0 0 0 0 0 0 0 0 0 0 0 3 3 3 0
0 0 0 0 0 0 0 0 0 0 0 0 0 0 0 0 3 3 3 0
0 0 0 0 0 0 0 0 0 0 0 0 0 0 0 0 3 3 3 0
0 0 0 0 0 0 0 0 0 0 0 0 0 0 0 0 0 0 0 0
0 0 0 0 0 0 0 0 0 0 0 0 0 0 0 0 0 0 0 0
0 0 0 0 0 0 0 0 0 0 0 0 0 0 0 0 0 0 0 0
0 0 0 0 0 0 0 0 0 0 0 0 0 0 0 0 0 0 0 0


0 0 0 0 0 0 0 0 0 0 0 0 0 0 0 0 0 0 0 0
0 0 0 0 0 0 0 0 0 0 0 0 0 0 0 0 0 0 0 0
0 0 0 0 0 0 0 0 0 0 0 0 0 0 0 0 0 0 0 0
0 0 0 0 0 0 0 0 0 0 0 0 0 0 0 0 0 0 0 0
0 0 0 0 0 0 0 0 0 0 0 0 0 0 0 0 0 0 0 0
0 0 0 0 0 0 0 0 0 0 0 0 0 0 0 0 0 0 0 0
0 0 0 0 0 0 0 0 0 0 0 0 0 0 0 0 0 0 0 0
0 0 0 0 0 0 0 0 0 0 0 0 0 0 0 0 0 0 0 0
0 0 0 0 0 0 0 0 0 0 0 0 0 0 0 0 0 0 0 0
0 0 0 0 0 0 0 0 0 0 0 0 0 0 0 0 0 0 0 0

t 9 3 1 17

-

male 4 7 1 Hello!

female 2 15 1 Welcome Player!